0000000001111110001111111
0000000001111111000111111
0000000010111111000111111
0000000011011111000111111
0000000011101111000111111
0000000011110111000111111
0000000011111011000111111
0000000011111100010111111
0000000011111100011011111
0000000011111100011101111
0000000011111100011110111
0000000011111100011111011
0000000011111100011111101
0000000011111100100111111
0000000011111101000111111
0000000100111111000111111
0000000111000001111111111
0000000111111000111111001
0000000111111111100000111
0000001000111111000111111
0000001011100000111111111
0000001011111111100000111
0000001101100000111111111
0000001101111111100000111
0000001110000001111111111
0000001110000010111111111
0000001110000011011111111
0000001110000011101111111
0000001110000011111101111
0000001110000011111110111
0000001110000011111111011
0000001110000011111111101
0000001110000100111111111
0000001110001000111111111
0000001110010000111111111
0000001110100000111111111
0000001110111111100000111
0000001111000000111111111
0000001111011111100000111
0000001111110001111110001
0000001111111011100000111
0000001111111101100000111
0000001111111110000010111
0000001111111110000011011
0000001111111110000011101
0000001111111110000100111
0000001111111110001000111
0000001111111110010000111
0000001111111110100000111
0000010011100000111111111
0000010011111111100000111
0000010101110000011111111
0000010101111111100000111
0000010110110000011111111
0000010110111111100000111
0000010111000001011111111
0000010111000001101111111
0000010111000001110111111
0000010111000001111110111
0000010111000001111111011
0000010111000001111111101
0000010111000010011111111
0000010111000100011111111
0000010111001000011111111
0000010111010000011111111
0000010111011111100000111
0000010111111011100000111
0000010111111101100000111
0000010111111110000011011
0000010111111110000011101
0000010111111110000100111
0000010111111110001000111
0000010111111110010000111
0000010111111110100000111
0000011001110000011111111
0000011001111111100000111
0000011010110000011111111
0000011010111111100000111
0000011011000001101111111
0000011011000001110111111
0000011011000001111110111
0000011011000001111111011
0000011011000001111111101
0000011011000010011111111
0000011011000100011111111
0000011011001000011111111
0000011011010000011111111
0000011011011111100000111
0000011011111011100000111
0000011011111101100000111
0000011011111110000011101
0000011011111110000100111
0000011011111110001000111
0000011011111110010000111
0000011011111110100000111
0000011100000111001111111
0000011100000111010111111
0000011100000111011110111
0000011100000111011111011
0000011100000111011111101
0000011100000111111010111
0000011100000111111011011
0000011100000111111011101
0000011100000111111100111
0000011100000111111101011
0000011100000111111101101
0000011100000111111110011
0000011100000111111110101
0000011100000111111111001
0000011100001000111111111
0000011100001001011111111
0000011100001001101111111
0000011100001001110111111
0000011100001001111110111
0000011100001001111111011
0000011100001001111111101
0000011100001010011111111
0000011100001100011111111
0000011100010000111111111
0000011100010001011111111
0000011100010001101111111
0000011100010001110111111
0000011100010001111110111
0000011100010001111111011
0000011100010001111111101
0000011100010010011111111
0000011100010100011111111
0000011100011000011111111
0000011100100000111111111
0000011100100001011111111
0000011100100001101111111
0000011100100001110111111
0000011100100001111110111
0000011100100001111111011
0000011100100001111111101
0000011100100010011111111
0000011100100100011111111
0000011100101000011111111
0000011100110000011111111
0000011101000001110111111
0000011101000001111110111
0000011101000001111111011
0000011101000001111111101
0000011101000010011111111
0000011101000100011111111
0000011101001000011111111
0000011101010000011111111
0000011101111110000100111
0000011101111110001000111
0000011101111110010000111
0000011111101110000100111
0000011111101110001000111
0000011111101110010000111
0000011111110110000100111
0000011111110110001000111
0000011111110110010000111
0000011111111000010010111
0000011111111000010011011
0000011111111000010011101
0000011111111000010100111
0000011111111000011000111
0000011111111000100010111
0000011111111000100011011
0000011111111000100011101
0000011111111000100100111
0000011111111000101000111
0000011111111000110000111
0000011111111001000010111
0000011111111001000011011
0000011111111001000011101
0000011111111001000100111
0000011111111001001000111
0000011111111001010000111
0000011111111010000100111
0000011111111010001000111
0000011111111010010000111
0000011111111100001000111
0000011111111100010000111
0000100111000010011111111
0000100111000100011111111
0000100111001000011111111
0000100111111110001000111
0000100111111110010000111
0000111000011100001111111
0000111000100011111111001
0000111001000011111111001
0000111111110001000111001
0001000111000100011111111
