000000000011111100011111111
000000000011111110001111111
000000000011111111000111111
000000000101111110001111111
000000000101111111000111111
000000000110111110001111111
000000000110111111000111111
000000000111011110001111111
000000000111011111000111111
000000000111101110001111111
000000000111101111000111111
000000000111110110001111111
000000000111110111000111111
000000000111111000101111111
000000000111111000110111111
000000000111111000111011111
000000000111111000111101111
000000000111111000111110111
000000000111111000111111011
000000000111111000111111101
000000000111111001001111111
000000000111111010001111111
000000000111111011000111111
000000000111111100001111111
000000000111111100010111111
000000000111111100011011111
000000000111111100011101111
000000000111111100011110111
000000000111111100011111011
000000000111111100011111101
000000000111111100100111111
000000000111111101000111111
000000001001111110001111111
000000001001111111000111111
000000001010111111000111111
000000001011011111000111111
000000001011101111000111111
000000001011110111000111111
000000001011111011000111111
000000001011111100010111111
000000001011111100011011111
000000001011111100011101111
000000001011111100011110111
000000001011111100011111011
000000001011111100011111101
000000001011111100100111111
000000001011111101000111111
000000001100111111000111111
000000001101011111000111111
000000001101101111000111111
000000001101110111000111111
000000001101111011000111111
000000001101111100010111111
000000001101111100011011111
000000001101111100011101111
000000001101111100011110111
000000001101111100011111011
000000001101111100011111101
000000001101111100100111111
000000001101111101000111111
000000001110000011111111111
000000001110011111000111111
000000001110101111000111111
000000001110110111000111111
000000001110111011000111111
000000001110111100010111111
000000001110111100011011111
000000001110111100011101111
000000001110111100011110111
000000001110111100011111011
000000001110111100011111101
000000001110111100100111111
000000001110111101000111111
000000001111001111000111111
000000001111010111000111111
000000001111011011000111111
000000001111011100010111111
000000001111011100011011111
000000001111011100011101111
000000001111011100011110111
000000001111011100011111011
000000001111011100011111101
000000001111011100100111111
000000001111011101000111111
000000001111100111000111111
000000001111101011000111111
000000001111101100010111111
000000001111101100011011111
000000001111101100011101111
000000001111101100011110111
000000001111101100011111011
000000001111101100011111101
000000001111101100100111111
000000001111101101000111111
000000001111110001010111111
000000001111110001011011111
000000001111110001011101111
000000001111110001011110111
000000001111110001011111011
000000001111110001011111101
000000001111110001100111111
000000001111110001101011111
000000001111110001101101111
000000001111110001101110111
000000001111110001101111011
000000001111110001101111101
000000001111110001110011111
000000001111110001110101111
000000001111110001110110111
000000001111110001110111011
000000001111110001110111101
000000001111110001111001111
000000001111110001111010111
000000001111110001111011011
000000001111110001111011101
000000001111110001111100111
000000001111110001111101011
000000001111110001111101101
000000001111110001111110011
000000001111110001111110101
000000001111110001111111001
000000001111110010010111111
000000001111110010011011111
000000001111110010011101111
000000001111110010011110111
000000001111110010011111011
000000001111110010011111101
000000001111110010100111111
000000001111110011000111111
000000001111110100010111111
000000001111110100011011111
000000001111110100011101111
000000001111110100011110111
000000001111110100011111011
000000001111110100011111101
000000001111110100100111111
000000001111110101000111111
000000001111111000111111001
000000001111111111100000111
000000010001111110001111111
000000010001111111000111111
000000010010111111000111111
000000010011011111000111111
000000010011101111000111111
000000010011110111000111111
000000010011111011000111111
000000010011111100010111111
000000010011111100011011111
000000010011111100011101111
000000010011111100011110111
000000010011111100011111011
000000010011111100011111101
000000010011111100100111111
000000010011111101000111111
000000010100111111000111111
000000010111000001111111111
000000010111111000111111001
000000010111111111100000111
000000011000111111000111111
000000011011000001111111111
000000011011111000111111001
000000011011111111100000111
000000011100000011111111111
000000011100000101111111111
000000011100000110111111111
000000011100000111011111111
000000011100000111111011111
000000011100000111111101111
000000011100000111111110111
000000011100000111111111011
000000011100000111111111101
000000011100001001111111111
000000011100010001111111111
000000011100100001111111111
000000011101000001111111111
000000011101111000111111001
000000011101111111100000111
000000011110000001111111111
000000011110111000111111001
000000011110111111100000111
000000011111000111100011111
000000011111011000111111001
000000011111011111100000111
000000011111100010111111001
000000011111100011011111001
000000011111100011101111001
000000011111100011110111001
000000011111100011111011001
000000011111100011111100011
000000011111100011111100101
000000011111100011111101001
000000011111100011111110001
000000011111100100111111001
000000011111101000111111001
000000011111110001111110001
000000011111111011100000111
000000011111111101100000111
000000011111111110000001111
000000011111111110000010111
000000011111111110000011011
000000011111111110000011101
000000011111111110000100111
000000011111111110001000111
000000011111111110010000111
000000011111111110100000111
000000011111111111000000111
000000100001111111000111111
000000100010111111000111111
000000100011011111000111111
000000100011101111000111111
000000100011110111000111111
000000100011111011000111111
000000100011111100010111111
000000100011111100011011111
000000100011111100011101111
000000100011111100011110111
000000100011111100011111011
000000100011111100011111101
000000100011111100100111111
000000100011111101000111111
000000100100111111000111111
000000100111000001111111111
000000100111111000111111001
000000100111111111100000111
000000101000111111000111111
000000101011100000111111111
000000101011111111100000111
000000101101100000111111111
000000101101111111100000111
000000101110000001111111111
000000101110000010111111111
000000101110000011011111111
000000101110000011101111111
000000101110000011111101111
000000101110000011111110111
000000101110000011111111011
000000101110000011111111101
000000101110000100111111111
000000101110001000111111111
000000101110010000111111111
000000101110100000111111111
000000101110111111100000111
000000101111000000111111111
000000101111011111100000111
000000101111110001111110001
000000101111111011100000111
000000101111111101100000111
000000101111111110000001111
000000101111111110000010111
000000101111111110000011011
000000101111111110000011101
000000101111111110000100111
000000101111111110001000111
000000101111111110010000111
000000101111111110100000111
000000101111111111000000111
000000110011100000111111111
000000110011111111100000111
000000110101100000111111111
000000110101111111100000111
000000110110000001111111111
000000110110000010111111111
000000110110000011011111111
000000110110000011101111111
000000110110000011111101111
000000110110000011111110111
000000110110000011111111011
000000110110000011111111101
000000110110000100111111111
000000110110001000111111111
000000110110010000111111111
000000110110100000111111111
000000110110111111100000111
000000110111000000111111111
000000110111011111100000111
000000110111110001111110001
000000110111111011100000111
000000110111111101100000111
000000110111111110000001111
000000110111111110000010111
000000110111111110000011011
000000110111111110000011101
000000110111111110000100111
000000110111111110001000111
000000110111111110010000111
000000110111111110100000111
000000110111111111000000111
000000111000000111011111111
000000111000000111101111111
000000111000000111111101111
000000111000000111111110111
000000111000000111111111011
000000111000000111111111101
000000111000001001111111111
000000111000001010111111111
000000111000001011011111111
000000111000001011101111111
000000111000001011111101111
000000111000001011111110111
000000111000001011111111011
000000111000001011111111101
000000111000001100111111111
000000111000001101011111111
000000111000001101101111111
000000111000001101111101111
000000111000001101111110111
000000111000001101111111011
000000111000001101111111101
000000111000001110011111111
000000111000001110101111111
000000111000001110111101111
000000111000001110111110111
000000111000001110111111011
000000111000001110111111101
000000111000001111110101111
000000111000001111110110111
000000111000001111110111011
000000111000001111110111101
000000111000001111111001111
000000111000001111111010111
000000111000001111111011011
000000111000001111111011101
000000111000001111111100111
000000111000001111111101011
000000111000001111111101101
000000111000001111111110011
000000111000001111111110101
000000111000001111111111001
000000111000010001111111111
000000111000010010111111111
000000111000010011011111111
000000111000010011101111111
000000111000010011111101111
000000111000010011111110111
000000111000010011111111011
000000111000010011111111101
000000111000010100111111111
000000111000011000111111111
000000111000100001111111111
000000111000100010111111111
000000111000100011011111111
000000111000100011101111111
000000111000100011111101111
000000111000100011111110111
000000111000100011111111011
000000111000100011111111101
000000111000100100111111111
000000111000101000111111111
000000111000110000111111111
000000111001000001111111111
000000111001000010111111111
000000111001000011011111111
000000111001000011101111111
000000111001000011111101111
000000111001000011111110111
000000111001000011111111011
000000111001000011111111101
000000111001000100111111111
000000111001001000111111111
000000111001010000111111111
000000111001100000111111111
000000111001111111100000111
000000111010000001111111111
000000111010000010111111111
000000111010000011011111111
000000111010000011101111111
000000111010000011111101111
000000111010000011111110111
000000111010000011111111011
000000111010000011111111101
000000111010000100111111111
000000111010001000111111111
000000111010010000111111111
000000111010100000111111111
000000111010111111100000111
000000111011000000111111111
000000111011011111100000111
000000111011110001111110001
000000111011111011100000111
000000111011111101100000111
000000111011111110000001111
000000111011111110000010111
000000111011111110000011011
000000111011111110000011101
000000111011111110000100111
000000111011111110001000111
000000111011111110010000111
000000111011111110100000111
000000111100000011110111111
000000111100000011111011111
000000111100000011111101111
000000111100000011111110111
000000111100000011111111011
000000111100000011111111101
000000111100000100111111111
000000111100001000111111111
000000111100010000111111111
000000111100100000111111111
000000111100111111100000111
000000111101000000111111111
000000111101011111100000111
000000111101110001111110001
000000111101111011100000111
000000111101111101100000111
000000111101111110000010111
000000111101111110000011011
000000111101111110000011101
000000111101111110000100111
000000111101111110001000111
000000111101111110010000111
000000111101111110100000111
000000111110110001111110001
000000111111000101111110001
000000111111000110111110001
000000111111000111011110001
000000111111000111101110001
000000111111000111110110001
000000111111000111111000101
000000111111000111111001001
000000111111000111111010001
000000111111000111111100001
000000111111001001111110001
000000111111010001111110001
000000111111101011100000111
000000111111101101100000111
000000111111101110000010111
000000111111101110000011011
000000111111101110000011101
000000111111101110000100111
000000111111101110001000111
000000111111101110010000111
000000111111101110100000111
000000111111110011100000111
000000111111110101100000111
000000111111110110000010111
000000111111110110000011011
000000111111110110000011101
000000111111110110000100111
000000111111110110001000111
000000111111110110010000111
000000111111110110100000111
000000111111111000001001111
000000111111111000001010111
000000111111111000001011011
000000111111111000001011101
000000111111111000001100111
000000111111111000001101011
000000111111111000001101101
000000111111111000001110011
000000111111111000001110101
000000111111111000010001111
000000111111111000010010111
000000111111111000010011011
000000111111111000010011101
000000111111111000010100111
000000111111111000011000111
000000111111111000100001111
000000111111111000100010111
000000111111111000100011011
000000111111111000100011101
000000111111111000100100111
000000111111111000101000111
000000111111111000110000111
000000111111111001000001111
000000111111111001000010111
000000111111111001000011011
000000111111111001000011101
000000111111111001000100111
000000111111111001001000111
000000111111111001010000111
000000111111111001100000111
000000111111111010000010111
000000111111111010000011011
000000111111111010000011101
000000111111111010000100111
000000111111111010001000111
000000111111111010010000111
000000111111111010100000111
000000111111111100000100111
000000111111111100000111001
000000111111111100001000111
000000111111111100010000111
000000111111111100100000111
000001000111000001111111111
000001000111111000111111001
000001000111111111100000111
000001001011100000111111111
000001001011111111100000111
000001001101100000111111111
000001001101111111100000111
000001001110000010111111111
000001001110000011011111111
000001001110000011101111111
000001001110000011111101111
000001001110000011111110111
000001001110000011111111011
000001001110000011111111101
000001001110000100111111111
000001001110001000111111111
000001001110010000111111111
000001001110100000111111111
000001001110111111100000111
000001001111011111100000111
000001001111110001111110001
000001001111111011100000111
000001001111111101100000111
000001001111111110000010111
000001001111111110000011011
000001001111111110000011101
000001001111111110000100111
000001001111111110001000111
000001001111111110010000111
000001001111111110100000111
000001010011100000111111111
000001010011111111100000111
000001010101110000011111111
000001010101111111100000111
000001010110110000011111111
000001010110111111100000111
000001010111000001011111111
000001010111000001101111111
000001010111000001110111111
000001010111000001111110111
000001010111000001111111011
000001010111000001111111101
000001010111000010011111111
000001010111000100011111111
000001010111001000011111111
000001010111010000011111111
000001010111011111100000111
000001010111111011100000111
000001010111111101100000111
000001010111111110000010111
000001010111111110000011011
000001010111111110000011101
000001010111111110000100111
000001010111111110001000111
000001010111111110010000111
000001010111111110100000111
000001011001110000011111111
000001011001111111100000111
000001011010110000011111111
000001011010111111100000111
000001011011000001011111111
000001011011000001101111111
000001011011000001110111111
000001011011000001111110111
000001011011000001111111011
000001011011000001111111101
000001011011000010011111111
000001011011000100011111111
000001011011001000011111111
000001011011010000011111111
000001011011011111100000111
000001011011111011100000111
000001011011111101100000111
000001011011111110000010111
000001011011111110000011011
000001011011111110000011101
000001011011111110000100111
000001011011111110001000111
000001011011111110010000111
000001011011111110100000111
000001011100000101110111111
000001011100000101111110111
000001011100000101111111011
000001011100000101111111101
000001011100000110011111111
000001011100000110101111111
000001011100000110110111111
000001011100000110111110111
000001011100000110111111011
000001011100000110111111101
000001011100000111001111111
000001011100000111010111111
000001011100000111011110111
000001011100000111011111011
000001011100000111011111101
000001011100000111111010111
000001011100000111111011011
000001011100000111111011101
000001011100000111111100111
000001011100000111111101011
000001011100000111111101101
000001011100000111111110011
000001011100000111111110101
000001011100000111111111001
000001011100001000111111111
000001011100001001011111111
000001011100001001101111111
000001011100001001110111111
000001011100001001111110111
000001011100001001111111011
000001011100001001111111101
000001011100001010011111111
000001011100001100011111111
000001011100010000111111111
000001011100010001011111111
000001011100010001101111111
000001011100010001110111111
000001011100010001111110111
000001011100010001111111011
000001011100010001111111101
000001011100010010011111111
000001011100010100011111111
000001011100011000011111111
000001011100100000111111111
000001011100100001011111111
000001011100100001101111111
000001011100100001110111111
000001011100100001111110111
000001011100100001111111011
000001011100100001111111101
000001011100100010011111111
000001011100100100011111111
000001011100101000011111111
000001011100110000011111111
000001011100111111100000111
000001011101000001011111111
000001011101000001101111111
000001011101000001110111111
000001011101000001111110111
000001011101000001111111011
000001011101000001111111101
000001011101000010011111111
000001011101000100011111111
000001011101001000011111111
000001011101010000011111111
000001011101011111100000111
000001011101111011100000111
000001011101111101100000111
000001011101111110000011011
000001011101111110000011101
000001011101111110000100111
000001011101111110001000111
000001011101111110010000111
000001011101111110100000111
000001011111101011100000111
000001011111101101100000111
000001011111101110000011011
000001011111101110000011101
000001011111101110000100111
000001011111101110001000111
000001011111101110010000111
000001011111101110100000111
000001011111110011100000111
000001011111110101100000111
000001011111110110000011011
000001011111110110000011101
000001011111110110000100111
000001011111110110001000111
000001011111110110010000111
000001011111110110100000111
000001011111111000001100111
000001011111111000001101011
000001011111111000001101101
000001011111111000001110011
000001011111111000001110101
000001011111111000010010111
000001011111111000010011011
000001011111111000010011101
000001011111111000010100111
000001011111111000011000111
000001011111111000100010111
000001011111111000100011011
000001011111111000100011101
000001011111111000100100111
000001011111111000101000111
000001011111111000110000111
000001011111111001000010111
000001011111111001000011011
000001011111111001000011101
000001011111111001000100111
000001011111111001001000111
000001011111111001010000111
000001011111111001100000111
000001011111111010000011011
000001011111111010000011101
000001011111111010000100111
000001011111111010001000111
000001011111111010010000111
000001011111111010100000111
000001011111111100000111001
000001011111111100001000111
000001011111111100010000111
000001011111111100100000111
000001100011100000111111111
000001100011111111100000111
000001100101110000011111111
000001100101111111100000111
000001100110110000011111111
000001100110111111100000111
000001100111000001101111111
000001100111000001110111111
000001100111000001111110111
000001100111000001111111011
000001100111000001111111101
000001100111000010011111111
000001100111000100011111111
000001100111001000011111111
000001100111010000011111111
000001100111011111100000111
000001100111111011100000111
000001100111111101100000111
000001100111111110000011011
000001100111111110000011101
000001100111111110000100111
000001100111111110001000111
000001100111111110010000111
000001100111111110100000111
000001101001110000011111111
000001101001111111100000111
000001101010110000011111111
000001101010111111100000111
000001101011000001101111111
000001101011000001110111111
000001101011000001111110111
000001101011000001111111011
000001101011000001111111101
000001101011000010011111111
000001101011000100011111111
000001101011001000011111111
000001101011010000011111111
000001101011011111100000111
000001101011111011100000111
000001101011111101100000111
000001101011111110000011011
000001101011111110000011101
000001101011111110000100111
000001101011111110001000111
000001101011111110010000111
000001101011111110100000111
000001101100000110110111111
000001101100000110111110111
000001101100000110111111011
000001101100000110111111101
000001101100000111001111111
000001101100000111010111111
000001101100000111011110111
000001101100000111011111011
000001101100000111011111101
000001101100000111111010111
000001101100000111111011011
000001101100000111111011101
000001101100000111111100111
000001101100000111111101011
000001101100000111111101101
000001101100000111111110011
000001101100000111111110101
000001101100000111111111001
000001101100001000111111111
000001101100001001011111111
000001101100001001101111111
000001101100001001110111111
000001101100001001111110111
000001101100001001111111011
000001101100001001111111101
000001101100001010011111111
000001101100001100011111111
000001101100010000111111111
000001101100010001011111111
000001101100010001101111111
000001101100010001110111111
000001101100010001111110111
000001101100010001111111011
000001101100010001111111101
000001101100010010011111111
000001101100010100011111111
000001101100011000011111111
000001101100100000111111111
000001101100100001011111111
000001101100100001101111111
000001101100100001110111111
000001101100100001111110111
000001101100100001111111011
000001101100100001111111101
000001101100100010011111111
000001101100100100011111111
000001101100101000011111111
000001101100110000011111111
000001101100111111100000111
000001101101000001101111111
000001101101000001110111111
000001101101000001111110111
000001101101000001111111011
000001101101000001111111101
000001101101000010011111111
000001101101000100011111111
000001101101001000011111111
000001101101010000011111111
000001101101011111100000111
000001101101111011100000111
000001101101111101100000111
000001101101111110000011101
000001101101111110000100111
000001101101111110001000111
000001101101111110010000111
000001101101111110100000111
000001101111101011100000111
000001101111101101100000111
000001101111101110000011101
000001101111101110000100111
000001101111101110001000111
000001101111101110010000111
000001101111101110100000111
000001101111110011100000111
000001101111110101100000111
000001101111110110000011101
000001101111110110000100111
000001101111110110001000111
000001101111110110010000111
000001101111110110100000111
000001101111111000001110011
000001101111111000001110101
000001101111111000010010111
000001101111111000010011011
000001101111111000010011101
000001101111111000010100111
000001101111111000011000111
000001101111111000100010111
000001101111111000100011011
000001101111111000100011101
000001101111111000100100111
000001101111111000101000111
000001101111111000110000111
000001101111111001000010111
000001101111111001000011011
000001101111111001000011101
000001101111111001000100111
000001101111111001001000111
000001101111111001010000111
000001101111111001100000111
000001101111111010000011101
000001101111111010000100111
000001101111111010001000111
000001101111111010010000111
000001101111111010100000111
000001101111111100000111001
000001101111111100001000111
000001101111111100010000111
000001101111111100100000111
000001110000011100011111111
000001110000011100101111111
000001110000011100110111111
000001110000011100111110111
000001110000011100111111011
000001110000011100111111101
000001110000011101001111111
000001110000011101010111111
000001110000011101011110111
000001110000011101011111011
000001110000011101011111101
000001110000011101111010111
000001110000011101111011011
000001110000011101111011101
000001110000011101111100111
000001110000011101111101011
000001110000011101111101101
000001110000011101111110011
000001110000011101111110101
000001110000011101111111001
000001110000011111101010111
000001110000011111101011011
000001110000011111101011101
000001110000011111101100111
000001110000011111101101011
000001110000011111101101101
000001110000011111101110011
000001110000011111101110101
000001110000011111101111001
000001110000011111110010111
000001110000011111110011011
000001110000011111110011101
000001110000011111110100111
000001110000011111110101011
000001110000011111110101101
000001110000011111110110011
000001110000011111110110101
000001110000011111110111001
000001110000011111111000111
000001110000011111111001011
000001110000011111111001101
000001110000011111111010011
000001110000011111111010101
000001110000011111111011001
000001110000011111111100011
000001110000011111111100101
000001110000011111111101001
000001110000011111111110001
000001110000100001111111111
000001110000100010111111111
000001110000100011011111111
000001110000100011101111111
000001110000100011110111111
000001110000100011111110111
000001110000100011111111011
000001110000100011111111101
000001110000100100111111111
000001110000100101011111111
000001110000100101101111111
000001110000100101110111111
000001110000100101111110111
000001110000100101111111011
000001110000100101111111101
000001110000100110011111111
000001110000100110101111111
000001110000100110110111111
000001110000100110111110111
000001110000100110111111011
000001110000100110111111101
000001110000100111001111111
000001110000100111010111111
000001110000100111011110111
000001110000100111011111011
000001110000100111011111101
000001110000100111111010111
000001110000100111111011011
000001110000100111111011101
000001110000100111111100111
000001110000100111111101011
000001110000100111111101101
000001110000100111111110011
000001110000100111111110101
000001110000100111111111001
000001110000101000111111111
000001110000101001011111111
000001110000101001101111111
000001110000101001110111111
000001110000101001111110111
000001110000101001111111011
000001110000101001111111101
000001110000101010011111111
000001110000101100011111111
000001110000110000111111111
000001110000110001011111111
000001110000110001101111111
000001110000110001110111111
000001110000110001111110111
000001110000110001111111011
000001110000110001111111101
000001110000110010011111111
000001110000110100011111111
000001110000111000011111111
000001110000111111110000111
000001110001000001111111111
000001110001000010111111111
000001110001000011011111111
000001110001000011101111111
000001110001000011110111111
000001110001000011111110111
000001110001000011111111011
000001110001000011111111101
000001110001000100111111111
000001110001000101011111111
000001110001000101101111111
000001110001000101110111111
000001110001000101111110111
000001110001000101111111011
000001110001000101111111101
000001110001000110011111111
000001110001000110101111111
000001110001000110110111111
000001110001000110111110111
000001110001000110111111011
000001110001000110111111101
000001110001000111001111111
000001110001000111010111111
000001110001000111011110111
000001110001000111011111011
000001110001000111011111101
000001110001000111111010111
000001110001000111111011011
000001110001000111111011101
000001110001000111111100111
000001110001000111111101011
000001110001000111111101101
000001110001000111111110011
000001110001000111111110101
000001110001000111111111001
000001110001001000111111111
000001110001001001011111111
000001110001001001101111111
000001110001001001110111111
000001110001001001111110111
000001110001001001111111011
000001110001001001111111101
000001110001001010011111111
000001110001001100011111111
000001110001010000111111111
000001110001010001011111111
000001110001010001101111111
000001110001010001110111111
000001110001010001111110111
000001110001010001111111011
000001110001010001111111101
000001110001010010011111111
000001110001010100011111111
000001110001011000011111111
000001110001100000111111111
000001110001100001011111111
000001110001100001101111111
000001110001100001110111111
000001110001100001111110111
000001110001100001111111011
000001110001100001111111101
000001110001100010011111111
000001110001100100011111111
000001110001101000011111111
000001110001110000011111111
000001110010000011101111111
000001110010000011110111111
000001110010000011111110111
000001110010000011111111011
000001110010000011111111101
000001110010000100111111111
000001110010000101011111111
000001110010000101101111111
000001110010000101110111111
000001110010000101111110111
000001110010000101111111011
000001110010000101111111101
000001110010000110011111111
000001110010000110101111111
000001110010000110110111111
000001110010000110111110111
000001110010000110111111011
000001110010000110111111101
000001110010000111001111111
000001110010000111010111111
000001110010000111011110111
000001110010000111011111011
000001110010000111011111101
000001110010000111111010111
000001110010000111111011011
000001110010000111111011101
000001110010000111111100111
000001110010000111111101011
000001110010000111111101101
000001110010000111111110011
000001110010000111111110101
000001110010000111111111001
000001110010001000111111111
000001110010001001011111111
000001110010001001101111111
000001110010001001110111111
000001110010001001111110111
000001110010001001111111011
000001110010001001111111101
000001110010001010011111111
000001110010001100011111111
000001110010010000111111111
000001110010010001011111111
000001110010010001101111111
000001110010010001110111111
000001110010010001111110111
000001110010010001111111011
000001110010010001111111101
000001110010010010011111111
000001110010010100011111111
000001110010011000011111111
000001110010100000111111111
000001110010100001011111111
000001110010100001101111111
000001110010100001110111111
000001110010100001111110111
000001110010100001111111011
000001110010100001111111101
000001110010100010011111111
000001110010100100011111111
000001110010101000011111111
000001110010110000011111111
000001110011000001110111111
000001110011000001111110111
000001110011000001111111011
000001110011000001111111101
000001110011000010011111111
000001110011000100011111111
000001110011001000011111111
000001110011010000011111111
000001110011111110000011101
000001110011111110000100111
000001110011111110001000111
000001110011111110010000111
000001110100000111010111111
000001110100000111011110111
000001110100000111011111011
000001110100000111011111101
000001110100000111111010111
000001110100000111111011011
000001110100000111111011101
000001110100000111111100111
000001110100000111111101011
000001110100000111111101101
000001110100000111111110011
000001110100000111111110101
000001110100000111111111001
000001110100001000111111111
000001110100001001011111111
000001110100001001101111111
000001110100001001110111111
000001110100001001111110111
000001110100001001111111011
000001110100001001111111101
000001110100001010011111111
000001110100001100011111111
000001110100010000111111111
000001110100010001011111111
000001110100010001101111111
000001110100010001110111111
000001110100010001111110111
000001110100010001111111011
000001110100010001111111101
000001110100010010011111111
000001110100010100011111111
000001110100011000011111111
000001110100100000111111111
000001110100100001011111111
000001110100100001101111111
000001110100100001110111111
000001110100100001111110111
000001110100100001111111011
000001110100100001111111101
000001110100100010011111111
000001110100100100011111111
000001110100101000011111111
000001110100110000011111111
000001110101000001110111111
000001110101000001111110111
000001110101000001111111011
000001110101000001111111101
000001110101000010011111111
000001110101000100011111111
000001110101001000011111111
000001110101010000011111111
000001110101111110000100111
000001110101111110001000111
000001110101111110010000111
000001110111101110000100111
000001110111101110001000111
000001110111101110010000111
000001110111110110000100111
000001110111110110001000111
000001110111110110010000111
000001110111111000010010111
000001110111111000010011011
000001110111111000010011101
000001110111111000010100111
000001110111111000011000111
000001110111111000100010111
000001110111111000100011011
000001110111111000100011101
000001110111111000100100111
000001110111111000101000111
000001110111111000110000111
000001110111111001000010111
000001110111111001000011011
000001110111111001000011101
000001110111111001000100111
000001110111111001001000111
000001110111111001010000111
000001110111111010000100111
000001110111111010001000111
000001110111111010010000111
000001110111111100001000111
000001110111111100010000111
000001111110101110000100111
000001111110101110001000111
000001111110101110010000111
000001111110110110000100111
000001111110110110001000111
000001111110110110010000111
000001111110111000010010111
000001111110111000010011011
000001111110111000010011101
000001111110111000010100111
000001111110111000011000111
000001111110111000100010111
000001111110111000100011011
000001111110111000100011101
000001111110111000100100111
000001111110111000101000111
000001111110111000110000111
000001111110111001000010111
000001111110111001000011011
000001111110111001000011101
000001111110111001000100111
000001111110111001001000111
000001111110111001010000111
000001111110111010000100111
000001111110111010001000111
000001111110111010010000111
000001111110111100001000111
000001111110111100010000111
000001111111001110000100111
000001111111001110001000111
000001111111001110010000111
000001111111010110000100111
000001111111010110001000111
000001111111010110010000111
000001111111011000010010111
000001111111011000010011011
000001111111011000010011101
000001111111011000010100111
000001111111011000011000111
000001111111011000100010111
000001111111011000100011011
000001111111011000100011101
000001111111011000100100111
000001111111011000101000111
000001111111011000110000111
000001111111011001000010111
000001111111011001000011011
000001111111011001000011101
000001111111011001000100111
000001111111011001001000111
000001111111011001010000111
000001111111011010000100111
000001111111011010001000111
000001111111011010010000111
000001111111011100001000111
000001111111011100010000111
000001111111100001001010111
000001111111100001001011011
000001111111100001001011101
000001111111100001001100111
000001111111100001001101011
000001111111100001001101101
000001111111100001001110011
000001111111100001001110101
000001111111100001010010111
000001111111100001010011011
000001111111100001010011101
000001111111100001010100111
000001111111100001011000111
000001111111100001100010111
000001111111100001100011011
000001111111100001100011101
000001111111100001100100111
000001111111100001101000111
000001111111100001110000111
000001111111100010001010111
000001111111100010001011011
000001111111100010001011101
000001111111100010001100111
000001111111100010001101011
000001111111100010001101101
000001111111100010001110011
000001111111100010001110101
000001111111100010010010111
000001111111100010010011011
000001111111100010010011101
000001111111100010010100111
000001111111100010011000111
000001111111100010100010111
000001111111100010100011011
000001111111100010100011101
000001111111100010100100111
000001111111100010101000111
000001111111100010110000111
000001111111100011000010111
000001111111100011000011011
000001111111100011000011101
000001111111100011000100111
000001111111100011001000111
000001111111100011010000111
000001111111100100001010111
000001111111100100001011011
000001111111100100001011101
000001111111100100001100111
000001111111100100001101011
000001111111100100001101101
000001111111100100001110011
000001111111100100001110101
000001111111100100010010111
000001111111100100010011011
000001111111100100010011101
000001111111100100010100111
000001111111100100011000111
000001111111100100100010111
000001111111100100100011011
000001111111100100100011101
000001111111100100100100111
000001111111100100101000111
000001111111100100110000111
000001111111100101000010111
000001111111100101000011011
000001111111100101000011101
000001111111100101000100111
000001111111100101001000111
000001111111100101010000111
000001111111100110000100111
000001111111100110001000111
000001111111100110010000111
000001111111101000010010111
000001111111101000010011011
000001111111101000010011101
000001111111101000010100111
000001111111101000011000111
000001111111101000100010111
000001111111101000100011011
000001111111101000100011101
000001111111101000100100111
000001111111101000101000111
000001111111101000110000111
000001111111101001000010111
000001111111101001000011011
000001111111101001000011101
000001111111101001000100111
000001111111101001001000111
000001111111101001010000111
000001111111101010000100111
000001111111101010001000111
000001111111101010010000111
000001111111101100001000111
000001111111101100010000111
000001111111110000100010111
000001111111110000100011011
000001111111110000100011101
000001111111110000100100111
000001111111110000100111001
000001111111110000101000111
000001111111110000110000111
000001111111110001000010111
000001111111110001000011011
000001111111110001000011101
000001111111110001000100111
000001111111110001000111001
000001111111110001001000111
000001111111110001010000111
000001111111110010000100111
000001111111110010000111001
000001111111110010001000111
000001111111110010010000111
000001111111110100001000111
000001111111110100010000111
000001111111111000010000111
000010001110000100111111111
000010001110001000111111111
000010001110010000111111111
000010001111110001111110001
000010001111111110000100111
000010001111111110001000111
000010001111111110010000111
000010010111000010011111111
000010010111000100011111111
000010010111001000011111111
000010010111111110000100111
000010010111111110001000111
000010010111111110010000111
000010011011000010011111111
000010011011000100011111111
000010011011001000011111111
000010011011111110000100111
000010011011111110001000111
000010011011111110010000111
000010011100001001110111111
000010011100001001111110111
000010011100001001111111011
000010011100001001111111101
000010011100001010011111111
000010011100001100011111111
000010011100010000111111111
000010011100010001011111111
000010011100010001101111111
000010011100010001110111111
000010011100010001111110111
000010011100010001111111011
000010011100010001111111101
000010011100010010011111111
000010011100010100011111111
000010011100011000011111111
000010011100100001011111111
000010011100100001101111111
000010011100100001110111111
000010011100100001111110111
000010011100100001111111011
000010011100100001111111101
000010011100100010011111111
000010011100100100011111111
000010011100101000011111111
000010011101000010011111111
000010011101000100011111111
000010011101001000011111111
000010011101111110001000111
000010011101111110010000111
000010011111101110001000111
000010011111101110010000111
000010011111110110001000111
000010011111110110010000111
000010011111111000010100111
000010011111111000011000111
000010011111111000100010111
000010011111111000100011011
000010011111111000100011101
000010011111111000100100111
000010011111111000101000111
000010011111111000110000111
000010011111111001000010111
000010011111111001000011011
000010011111111001000011101
000010011111111001000100111
000010011111111001001000111
000010011111111001010000111
000010011111111010001000111
000010011111111010010000111
000010011111111100010000111
000010100111000100011111111
000010100111001000011111111
000010100111111110001000111
000010100111111110010000111
000010111000011100001111111
000010111000011111110000111
000010111000100011111111001
000010111001000011111111001
000010111111100001110000111
000010111111110001000111001
000010111111110010000111001
000011000111000100011111111
000011000111001000011111111
000011000111111110001000111
000011000111111110010000111
000011011000011100001111111
000011011000011111110000111
000011011000100011111111001
000011011001000011111111001
000011011111100001110000111
000011011111110001000111001
000011011111110010000111001
000011100001110000111011111
000011100001110000111110111
000011100001110000111111011
000011100001110000111111101
000011100001110001001111111
000011100001110010001111111
000011100001110100001111111
000011100001111111000011101
000011100001111111000100111
000011100001111111001000111
000011100010000111111111001
000011100010001011111111001
000011100010001101111111001
000011100010001110111111001
000011100010001111110111001
000011100010001111111011001
000011100010001111111100011
000011100010001111111100101
000011100010001111111101001
000011100010001111111110001
000011100010010011111111001
000011100010011100001111111
000011100010100011111111001
000011100011000011111111001
000011100100001110111111001
000011100100001111110111001
000011100100001111111011001
000011100100001111111100011
000011100100001111111100101
000011100100001111111101001
000011100100001111111110001
000011100100010011111111001
000011100100011100001111111
000011100100100011111111001
000011100101000011111111001
000011101000100011111111001
000011101001000011111111001
000011101111110001000111001
000011111101110001000111001
000011111110110001000111001
000011111111000100010111001
000011111111000100011011001
000011111111000100011100011
000011111111000100011100101
000011111111000100011101001
000011111111000100100111001
000011111111000101000111001
000011111111001000100111001
000011111111001001000111001
000011111111010001000111001
000011111111100010001110001
000100010111000100011111111
000100010111111110001000111
000100011011000100011111111
000100011011111110001000111
000100011100010001110111111
000100011100010001111110111
000100011100010001111111011
000100011100010001111111101
000100011100010010011111111
000100011100010100011111111
000100011100100010011111111
000100011100100100011111111
000100011101000100011111111
000100011111111000100100111
000100011111111000101000111
000100011111111001000100111
000100011111111001001000111
